&INITIAL_CONDITIONS
 V0=  7946.6000000000004     ,
 GAMMA0= -2.2932999999999999     ,
 PSI0=  99.639899999999997     ,
 ALT0=  125000.00000000100     ,
 LON0=  214.28739999999999     ,
 LAT0=  33.881799999999998     ,
 /
&CONTROL_SETTINGS
 T_STEP=  5.0000000000000000     ,
 T_END_CTRL=  1000.0000000000000     ,
 TOL=  10.000000000000000     ,
 /
&CURRENT_STATES
 STEP=  41.000000000000000     ,
 TIME=  205.00000000000000     ,
 V=  6541.7769423131767     ,
 GAMMA= -2.2721541053633727     ,
 PSI=  96.697967033970073     ,
 ALT=  63714.290862007394     ,
 LON=  211.58072960561213     ,
 LAT=  48.025371251640998     ,
 CL=  4.8425650000000001E-002,
 CD=  1.4899940000000000     ,
 /
&CFD_VARIABLES
 MACH=  21.294442514093646     ,
 TEMPERATURE=  234.88159179687500     ,
 ALPHA= 0     ,
 /
&ATMOSPHERE_INPUT
 ATM_MODEL=2          ,
 IYD=69204      ,
 SEC_UT=  49037.750000339802     ,
 F107A=  140.30000000000001     ,
 F107=  112.09999999999999     ,
 AP=  7.0000000000000000     ,
 /
