&INITIAL_CONDITIONS
 V0=  7946.6000000000004     ,
 GAMMA0= -2.2932999999999999     ,
 PSI0=  263.36000000000001     ,
 ALT0=  125000.00000000100     ,
 LON0=  214.28739999999999     ,
 LAT0=  33.881799999999998     ,
 /
&CONTROL_SETTINGS
 T_STEP=  5.0000000000000000     ,
 T_END_CTRL=  1000.0000000000000     ,
 TOL=  10.000000000000000     ,
 /
&CURRENT_STATES
 STEP=  97.000000000000000     ,
 TIME=  485.00000000000000     ,
 V=  87.822348302130678     ,
 GAMMA= -89.893081118254869     ,
 PSI=  322.42781266879336     ,
 ALT=-0.16127749004998826     ,
 LON=  211.16895099857246     ,
 LAT=  13.217996388399124     ,
 CL=  6.1539650000000000E-005,
 CD= 0.36338009999999998     ,
 /
&CFD_VARIABLES
 MACH= 0.25324572600951117     ,
 TEMPERATURE=  299.30633544921875     ,
 ALPHA=  0.0000000000000000     ,
 /
&ATMOSPHERE_INPUT
 ATM_MODEL=2          ,
 IYD=69204      ,
 SEC_UT=  72203.800001688243     ,
 F107A=  140.30000000000001     ,
 F107=  112.09999999999999     ,
 AP=  7.0000000000000000     ,
 /
