&INITIAL_CONDITIONS
 V0=  11032.053120000000     ,
 GAMMA0= -6.4800000000000004     ,
 PSI0=  39.820000000000000     ,
 ALT0=  121920.00000000000     ,
 LON0=  171.96000000000001     ,
 LAT0= -3.1899999999999999     ,
 /
&CONTROL_SETTINGS
 T_STEP=  5.0000000000000000     ,
 T_END_CTRL=  540.00000000000000     ,
 TOL=  10.000000000000000     ,
 /
&CURRENT_STATES
 STEP=  109.00000000000000     ,
 TIME=  545.00000000000000     ,
 V=  50.665519923904128     ,
 GAMMA= -46.511376876273921     ,
 PSI=  37.260309009585221     ,
 ALT=  5042.0443345746344     ,
 LON=  180.91551748941401     ,
 LAT=  4.2453462153190813     ,
 CL=  1.1891769999999999     ,
 CD=  1.2721190000000000     ,
 /
&CFD_VARIABLES
 MACH= 0.15297399938786674     ,
 TEMPERATURE=  273.01080322265625     ,
 ALPHA= -46.511376876273921     ,
 /
&ATMOSPHERE_INPUT
 ATM_MODEL=2          ,
 IYD=25172      ,
 SEC_UT=  44861.450000096709     ,
 F107A=  150.00000000000000     ,
 F107=  150.00000000000000     ,
 AP=  4.0000000000000000     ,
 /
