&TRAJECTORY_INPUT
 STEP=  108.00000000000000     ,
 TIME=  540.00000000000000     ,
 V=  49.406904997442673     ,
 GAMMA= -46.651618254194354     ,
 PSI=  37.315182760803161     ,
 ALT=  5052.1788057395233     ,
 LON=  180.98323309426829     ,
 LAT=  4.3017898603798077     ,
 CL=  1.1884640000000000     ,
 CD=  1.2766020000000000     ,
 /
&CFD_INPUT
 MACH= 0.15423430960232806     ,
 TEMPERATURE=  255.38970025841286     ,
 ALPHA= -46.651618254194354     ,
 /
