&INITIAL_CONDITIONS
 V0=  7946.6000000000004     ,
 GAMMA0= -2.2932999999999999     ,
 PSI0=  263.36000000000001     ,
 ALT0=  125000.00000000100     ,
 LON0=  214.28739999999999     ,
 LAT0=  33.881799999999998     ,
 ALPHA0=  30.000000000000000     ,
 /
&VEHICLE_PARAM
 M=  45.700000000000003     ,
 AREF= 0.51659999999999995     ,
 LREF= 0.81100000000000005     ,
 /
&CONTROL_SETTINGS
 T_STEP=  5.0000000000000000     ,
 T_END_CTRL=  1000.0000000000000     ,
 TOL=  10.000000000000000     ,
 /
&CURRENT_STATES
 STEP=  89.000000000000000     ,
 TIME=  445.00000000000000     ,
 V=  7617.3841414494464     ,
 GAMMA= -3.3455988207635348     ,
 PSI=  260.87357776743630     ,
 ALT= -3.2776537955639498     ,
 LON=  209.47132397768138     ,
 LAT=  2.5994402315420344     ,
 CL= -2.5719520000000001E-005,
 CD=  5.4504359999999997E-005,
 /
&CFD_VARIABLES
 MACH=  21.969437427169368     ,
 TEMPERATURE=  299.20159912109375     ,
 ALPHA=  30.000000000000000     ,
 /
&ATMOSPHERE_INPUT
 ATM_MODEL=2          ,
 IYD=69204      ,
 SEC_UT=  77323.250001986235     ,
 F107A=  140.30000000000001     ,
 F107=  112.09999999999999     ,
 AP=  7.0000000000000000     ,
 /
