&INITIAL_CONDITIONS
 V0=  12765.000000000000     ,
 GAMMA0= -7.4119999999999999     ,
 PSI0=  352.80000000000001     ,
 ALT0=  82701.000000000000     ,
 LON0=  240.79169999999999     ,
 LAT0=  41.232300000000002     ,
 ALPHA0=  2.4000000000000000     ,
 /
&VEHICLE_PARAM
 M=  45.700000000000003     ,
 AREF= 0.51659999999999995     ,
 LREF= 0.81100000000000005     ,
 /
&CONTROL_SETTINGS
 T_STEP=  5.0000000000000000     ,
 T_END_CTRL=  1000.0000000000000     ,
 TOL=  10.000000000000000     ,
 /
&CURRENT_STATES
 STEP=  135.00000000000000     ,
 TIME=  675.00000000000000     ,
 V=  20.193806094353878     ,
 GAMMA= -89.925184310520507     ,
 PSI=  277.57094835328428     ,
 ALT=-0.87420979814489552     ,
 LON=  245.26969153160434     ,
 LAT=  40.886242280003131     ,
 CL= -1.4666110000000000E-003,
 CD=  3.5157419999999999     ,
 /
&CFD_VARIABLES
 MACH=  5.8722195829124586E-002,
 TEMPERATURE=  294.32141113281250     ,
 PRESSURE=  102.16890614439603     ,
 DENSITY=  1.2095253914594650     ,
 ALPHA=  0.0000000000000000     ,
 /
&ATMOSPHERE_INPUT
 ATM_MODEL=2          ,
 IYD=06015      ,
 SEC_UT=  35835     ,
 F107A=  80     ,
 F107=  78     ,
 AP=  4.0000000000000000     ,
 /
