&INITIAL_CONDITIONS
 V0=  7946.6000000000004     ,
 GAMMA0= -2.2932999999999999     ,
 PSI0=  263.36000000000001     ,
 ALT0=  125000.00000000100     ,
 LON0=  214.28739999999999     ,
 LAT0=  33.881799999999998     ,
 ALPHA0=  30.000000000000000     ,
 /
&VEHICLE_PARAM
 M=  45.700000000000003     ,
 AREF= 0.51659999999999995     ,
 LREF= 0.81100000000000005     ,
 /
&CONTROL_SETTINGS
 T_STEP=  5.0000000000000000     ,
 T_END_CTRL=  1000.0000000000000     ,
 TOL=  10.000000000000000     ,
 /
&CURRENT_STATES
 STEP=  88.000000000000000     ,
 TIME=  440.00000000000000     ,
 V=  7617.8704312225072     ,
 GAMMA= -3.3451976979591982     ,
 PSI=  260.87364674284134     ,
 ALT= -20.813724461770200     ,
 LON=  209.47199027590952     ,
 LAT=  2.6035791147210885     ,
 CL= -2.4506099999999999E-005,
 CD=  5.1927720000000002E-005,
 /
&CFD_VARIABLES
 MACH=  21.965833125689812     ,
 TEMPERATURE=  299.33801269531250     ,
 ALPHA=  30.000000000000000     ,
 /
&ATMOSPHERE_INPUT
 ATM_MODEL=2          ,
 IYD=69204      ,
 SEC_UT=  73131.900001742266     ,
 F107A=  140.30000000000001     ,
 F107=  112.09999999999999     ,
 AP=  7.0000000000000000     ,
 /
